| Governor ID | Governor Name | Power | KvK KP goal | KvK death goal | KvK Score Goal |
|---|---|---|---|---|---|
| 190720024 | Sisu  〤3784 | 91,985,393 | 9,198,539 | 1,103,825 | 10,302,364 |
| 199916172 | ๖T o Y o L๖ | 74,408,996 | 7,440,900 | 892,908 | 8,333,808 |
| 197099116 | 光LordDarkness | 69,948,725 | 6,994,873 | 839,385 | 7,834,257 |
| 194036233 | 影Hawkʸ影 | 65,935,849 | 6,593,585 | 791,230 | 7,384,815 |
| 193869934 | Agent Altec | 65,044,076 | 6,504,408 | 780,529 | 7,284,937 |
| 193107946 | Krongs 永 23 | 63,744,679 | 6,374,468 | 764,936 | 7,139,404 |
| 191052762 | MajesticMallard | 61,796,841 | 6,179,684 | 741,562 | 6,921,246 |
| 200195796 | ᵁᶜAmadaKala | 61,313,556 | 6,131,356 | 735,763 | 6,867,118 |
| 195430795 | Ham5446 | 61,303,008 | 6,130,301 | 735,636 | 6,865,937 |
| 193901926 | Marquis Haytham | 59,729,551 | 5,972,955 | 716,755 | 6,689,710 |
| 192022889 | 89Bowman | 59,478,741 | 5,947,874 | 713,745 | 6,661,619 |
| 198113009 | GrunnCat Pirate | 59,078,480 | 5,907,848 | 708,942 | 6,616,790 |
| 194366383 | Nyx ﾒ | 57,594,590 | 5,759,459 | 691,135 | 6,450,594 |
| 198840570 | 乂Bulbasaur乂 | 57,562,266 | 5,756,227 | 690,747 | 6,446,974 |
| 197539017 | TakmaAdNe | 57,119,126 | 5,711,913 | 685,430 | 6,397,342 |
| 194542576 | Marquise Ari | 57,052,368 | 5,705,237 | 684,628 | 6,389,865 |
| 197759615 | GypsyPig | 56,504,341 | 5,650,434 | 678,052 | 6,328,486 |
| 194285018 | kekers | 54,468,331 | 5,446,833 | 653,620 | 6,100,453 |
| 189893847 | ㋡CAOS | 53,885,230 | 5,388,523 | 646,623 | 6,035,146 |
| 188862304 | ㋡Ban | 52,731,669 | 5,273,167 | 632,780 | 5,905,947 |
and continuing with all 346 entries...